[38;2;0;0;255mUC[38;2;0;8;255mL[38;2;0;31;255mO[38;2;0;0;255mUDUCLOUDUCLOUDUCLOUDUCLOUDUCLOUDUCLOUDUCLOUDUCLOUDUCLOUDUCLOUDUCLOUD
UC[38;2;255;255;255mLOU[38;2;155;181;255mD[38;2;0;0;255mUCLO[38;2;173;179;255mU[38;2;177;179;255mD[38;2;186;185;255mU[38;2;0;0;255mCLOU[38;2;111;86;255mD[38;2;255;240;255mU[38;2;255;255;255mCLOU[38;2;231;189;255mD[38;2;0;0;255mUC[38;2;255;255;255mLO[38;2;255;222;255mU[38;2;0;0;255mDUCLOUD[38;2;18;0;255mU[38;2;220;132;255mC[38;2;255;255;255mLOUD[38;2;255;209;255mU[38;2;153;24;255mC[38;2;0;0;255mLOU[38;2;194;59;255mD[38;2;255;201;255mU[38;2;255;196;255mC[38;2;170;16;255mL[38;2;0;0;255mOUD[38;2;162;0;255mU[38;2;255;192;255mC[38;2;255;188;255mL[38;2;199;32;255mO[38;2;0;0;255mU[38;2;140;0;255mD[38;2;255;239;255mU[38;2;255;254;255mC[38;2;255;255;255mLOUD[38;2;255;165;255mU[38;2;209;6;255mC[38;2;42;0;255mL[38;2;0;0;255mOUD
UC[38;2;255;255;255mLOUD[38;2;100;124;255mU[38;2;0;0;255mCLO[38;2;255;255;255mUDUC[38;2;0;0;255mLO[38;2;255;255;255mUDUCLOUD[38;2;0;0;255mU[38;2;38;0;255mC[38;2;255;255;255mLOU[38;2;155;83;255mD[38;2;0;0;255mUCLOU[38;2;211;128;255mD[38;2;255;255;255mUCLOUDUCL[38;2;0;0;255mOU[38;2;255;255;255mDUCL[38;2;0;0;255mOUD[38;2;255;255;255mUCLO[38;2;0;0;255mU[38;2;250;100;255mD[38;2;255;255;255mUCLOUDUCL[38;2;158;0;255mO[38;2;0;0;255mU[38;2;3;0;255mD
[38;2;0;0;255mUCL[38;2;255;255;255mOUD[38;2;132;152;255mU[38;2;0;0;255mCLO[38;2;255;255;255mUDU[38;2;213;210;255mC[38;2;0;0;255mL[38;2;255;255;255mOUDU[38;2;0;0;255mCLOUDU[38;2;45;0;255mC[38;2;255;255;255mLOU[38;2;131;55;255mD[38;2;0;0;255mUCLOU[38;2;255;255;255mDUCL[38;2;0;0;255mOU[38;2;84;0;255mD[38;2;255;255;255mUCL[38;2;255;229;255mO[38;2;0;0;255mU[38;2;255;255;255mDUCL[38;2;0;0;255mOUD[38;2;255;254;255mU[38;2;255;255;255mCLO[38;2;0;0;255mU[38;2;73;0;255mD[38;2;161;0;255mU[38;2;120;0;255mC[38;2;76;0;255mL[38;2;0;0;255mOU[38;2;18;0;255mD[38;2;255;255;255mUCLO[38;2;0;0;255mUD
UCL[38;2;255;255;255mOUD[38;2;118;144;255mU[38;2;0;0;255mCLO[38;2;255;255;255mUDU[38;2;199;188;255mC[38;2;0;0;255mL[38;2;255;255;255mOUD[38;2;210;185;255mU[38;2;0;0;255mCLOUDU[38;2;47;0;255mC[38;2;255;255;255mLOU[38;2;134;56;255mD[38;2;0;0;255mUCLO[38;2;70;0;255mU[38;2;255;255;255mDUC[38;2;125;8;255mL[38;2;0;0;255mOUD[38;2;255;255;255mUCLO[38;2;0;0;255mU[38;2;255;255;255mDUCL[38;2;0;0;255mOUD[38;2;255;255;255mUCLO[38;2;0;0;255mU[38;2;255;167;255mD[38;2;255;255;255mUCL[38;2;0;0;255mOUD[38;2;255;140;255mU[38;2;255;255;255mCLO[38;2;67;0;255mU[38;2;0;0;255mD
UCL[38;2;255;255;255mOUD[38;2;111;134;255mU[38;2;0;0;255mCLO[38;2;255;255;255mUDU[38;2;195;188;255mC[38;2;0;0;255mL[38;2;255;255;255mOUD[38;2;174;147;255mU[38;2;0;0;255mCLOUDU[38;2;44;0;255mC[38;2;255;255;255mLOU[38;2;138;62;255mD[38;2;0;0;255mUCLO[38;2;95;0;255mU[38;2;255;255;255mDUC[38;2;110;0;255mL[38;2;0;0;255mOUD[38;2;255;255;255mUCLO[38;2;0;0;255mU[38;2;255;255;255mDUCL[38;2;0;0;255mOUD[38;2;255;255;255mUCLO[38;2;0;0;255mU[38;2;255;141;255mD[38;2;255;255;255mUCL[38;2;0;0;255mOUD[38;2;255;116;255mU[38;2;255;255;255mCLO[38;2;81;0;255mU[38;2;0;0;255mD
UCL[38;2;255;255;255mOUD[38;2;153;175;255mU[38;2;0;0;255mCLO[38;2;255;255;255mUDU[38;2;206;201;255mC[38;2;0;0;255mL[38;2;255;255;255mOUDU[38;2;0;0;255mCLOUDU[38;2;62;0;255mC[38;2;255;255;255mLOU[38;2;118;38;255mD[38;2;0;0;255mUCLO[38;2;11;0;255mU[38;2;255;255;255mDUC[38;2;212;119;255mL[38;2;0;0;255mOUD[38;2;255;255;255mUCLO[38;2;0;0;255mU[38;2;255;255;255mDUCL[38;2;0;0;255mOUD[38;2;255;233;255mU[38;2;255;255;255mCLO[38;2;0;0;255mU[38;2;255;141;255mD[38;2;255;255;255mUCL[38;2;0;0;255mOUD[38;2;255;255;255mUCLO[38;2;29;0;255mU[38;2;0;0;255mD
UCL[38;2;255;255;255mOUDUC[38;2;229;242;255mL[38;2;255;255;255mOUDU[38;2;0;0;255mCL[38;2;255;251;255mO[38;2;255;255;255mUDUCLOUD[38;2;0;0;255mUC[38;2;255;255;255mLOUD[38;2;196;129;255mU[38;2;151;69;255mC[38;2;171;96;255mL[38;2;238;171;255mO[38;2;0;0;255mU[38;2;255;255;255mDUCL[38;2;255;209;255mO[38;2;220;120;255mU[38;2;255;255;255mDUCL[38;2;139;0;255mO[38;2;0;0;255mU[38;2;204;78;255mD[38;2;255;255;255mUCL[38;2;255;239;255mO[38;2;235;109;255mU[38;2;232;101;255mD[38;2;255;255;255mUCLO[38;2;0;0;255mU[38;2;255;158;255mD[38;2;255;255;255mUCL[38;2;255;121;255mO[38;2;255;97;255mU[38;2;255;244;255mD[38;2;255;255;255mUCL[38;2;255;230;255mO[38;2;0;0;255mU[38;2;1;0;255mD
[38;2;0;0;255mUCLO[38;2;55;93;255mU[38;2;255;255;255mDUCLOU[38;2;217;219;255mD[38;2;0;0;255mUCLO[38;2;179;166;255mU[38;2;255;255;255mDUCLOUD[38;2;116;61;255mU[38;2;0;0;255mC[38;2;61;0;255mL[38;2;255;255;255mOUDUCLO[38;2;30;0;255mU[38;2;0;0;255mD[38;2;255;255;255mUCLOUDUC[38;2;150;20;255mL[38;2;0;0;255mOUD[38;2;206;78;255mU[38;2;255;255;255mCLOUDUCLO[38;2;0;0;255mU[38;2;251;104;255mD[38;2;255;255;255mUCLOUDUC[38;2;255;125;255mL[38;2;0;0;255mOUD
UCLOUDUCLOUDUCLOUDUCLOUDUCLOUDU[38;2;2;0;255mC[38;2;0;0;255mLOUDUCL[38;2;17;0;255mO[38;2;31;0;255mU[38;2;13;0;255mD[38;2;0;0;255mUCLOUDUCL[38;2;34;0;255mO[38;2;60;0;255mU[38;2;53;0;255mD[38;2;58;0;255mU[38;2;51;0;255mC[38;2;41;0;255mL[38;2;0;0;255mOUD[38;2;27;0;255mU[38;2;42;0;255mC[38;2;54;0;255mLO[38;2;64;0;255mU[38;2;48;0;255mD[38;2;26;0;255mU[38;2;0;0;255mCLOUD[0m
[38;2;96;64;255mUCloud优刻得 科创板上市公司 美/日/英/菲 原生住宅IP 香港GIA直连 低至0.8折[0m
[38;2;73;96;255m官网活动地址 [4mhttps://www.ucloud.cn/site/active/kuaijiesale.html?ytag=ipq
[0m
