[38;2;0;0;255mTHORD[38;2;0;35;255mA[38;2;0;215;184mT[38;2;0;95;231mA[38;2;0;0;255mTHORDATA[38;2;0;39;255mT[38;2;0;50;255mHO[38;2;0;31;255mR[38;2;0;39;255mD[38;2;0;52;255mAT[38;2;0;0;255mAT[38;2;0;21;255mH[38;2;0;0;255mORDATATHORDATATHORDATATHORDATATHORDATATHORDATA[0m
[38;2;0;0;255mTHO[38;2;0;37;255mR[38;2;0;255;145mD[38;2;0;255;84mA[38;2;0;255;116mT[38;2;0;255;87mA[38;2;0;255;134mT[38;2;0;0;255mHORDATA[38;2;255;255;255mTHORDAT[38;2;202;255;255mA[38;2;0;0;255mT[38;2;255;255;255mH[38;2;0;0;255mORDATATHORDATATHORDATAT[38;2;42;157;255mH[38;2;255;255;255mO[38;2;0;0;255mRDATATHOR[38;2;255;255;255mD[38;2;175;255;255mA[38;2;0;0;255mTATHORDATA[0m
[38;2;0;0;255mT[38;2;0;67;246mH[38;2;0;255;138mO[38;2;0;255;94mR[38;2;0;255;141mD[38;2;0;53;252mA[38;2;0;0;255mTATH[38;2;0;68;241mO[38;2;0;255;136mR[38;2;0;204;183mD[38;2;0;0;255mATATHO[38;2;255;255;255mR[38;2;252;255;255mD[38;2;0;0;255mATAT[38;2;255;255;255mH[38;2;0;11;255mO[38;2;0;0;255mRDATATHORDATATHORDATAT[38;2;166;255;255mH[38;2;255;255;255mO[38;2;0;0;255mRDATATHOR[38;2;255;255;255mDA[38;2;0;0;255mTATHORDATA[0m
[38;2;0;0;255mT[38;2;0;149;214mH[38;2;0;255;100mO[38;2;0;255;86mR[38;2;0;165;205mD[38;2;0;0;255mATA[38;2;0;60;247mT[38;2;0;255;128mH[38;2;0;255;69mO[38;2;0;255;90mR[38;2;0;240;167mD[38;2;0;0;255mATATHO[38;2;255;255;255mR[38;2;200;255;255mD[38;2;0;0;255mATAT[38;2;255;255;255mHORDA[38;2;0;0;255mTA[38;2;88;191;255mT[38;2;255;255;255mHORD[38;2;156;248;255mA[38;2;0;0;255mT[38;2;255;255;255mAT[38;2;14;120;255mH[38;2;255;255;255mOR[38;2;0;0;255mD[38;2;56;171;255mA[38;2;255;255;255mTATHO[38;2;0;0;255mR[38;2;0;37;255mD[38;2;255;255;255mATAT[38;2;139;232;255mH[38;2;0;0;255mO[38;2;255;255;255mRDAT[38;2;108;204;255mA[38;2;0;0;255mT[38;2;255;255;255mHORD[38;2;139;231;255mA[38;2;0;0;255mTA[0m
[38;2;0;0;255mTHO[38;2;0;75;242mR[38;2;0;0;255mDA[38;2;0;102;232mT[38;2;0;255;123mA[38;2;0;255;65mT[38;2;0;255;96mH[38;2;0;184;191mO[38;2;0;0;255mRD[38;2;0;13;255mA[38;2;0;255;141mT[38;2;0;167;196mA[38;2;0;0;255mTHO[38;2;255;255;255mR[38;2;216;255;255mD[38;2;0;0;255mATA[38;2;0;4;255mT[38;2;255;255;255mH[38;2;0;0;255mORD[38;2;255;255;255mA[38;2;65;181;255mT[38;2;0;0;255mA[38;2;255;255;255mT[38;2;0;0;255mHORD[38;2;255;255;255mA[38;2;0;0;255mT[38;2;255;255;255mATH[38;2;0;52;255mO[38;2;0;0;255mRD[38;2;255;255;255mA[38;2;64;181;255mT[38;2;0;0;255mAT[38;2;69;175;255mH[38;2;255;255;255mO[38;2;0;0;255mRD[38;2;0;62;255mA[38;2;0;108;255mT[38;2;0;99;255mA[38;2;0;109;255mT[38;2;255;255;255mH[38;2;0;0;255mOR[38;2;255;255;255mD[38;2;197;255;255mA[38;2;0;0;255mTAT[38;2;0;40;255mH[38;2;0;109;255mOR[38;2;0;80;255mD[38;2;255;255;255mA[38;2;0;75;255mT[38;2;0;0;255mA[0m
[38;2;0;0;255mTHOR[38;2;0;101;233mD[38;2;0;255;121mA[38;2;0;255;72mT[38;2;0;255;107mA[38;2;0;150;211mT[38;2;0;0;255mHORD[38;2;0;97;226mA[38;2;0;255;85mT[38;2;0;255;58mA[38;2;0;255;135mT[38;2;0;0;255mHO[38;2;255;255;255mR[38;2;212;255;255mD[38;2;0;0;255mATA[38;2;0;4;255mT[38;2;255;255;255mH[38;2;0;0;255mORD[38;2;255;255;255mA[38;2;121;221;255mT[38;2;0;0;255mA[38;2;255;255;255mT[38;2;0;0;255mHORD[38;2;255;255;255mA[38;2;0;6;255mT[38;2;255;255;255mAT[38;2;0;0;255mHORD[38;2;255;255;255mA[38;2;0;105;255mT[38;2;0;0;255mAT[38;2;36;150;255mH[38;2;255;255;255mO[38;2;0;0;255mR[38;2;0;100;255mD[38;2;255;255;255mATATH[38;2;0;0;255mOR[38;2;255;255;255mD[38;2;163;254;255mA[38;2;0;0;255mTA[38;2;0;27;255mT[38;2;255;255;255mHORDA[38;2;0;42;255mT[38;2;0;0;255mA[0m
[38;2;0;0;255mTH[38;2;0;148;214mO[38;2;0;255;110mR[38;2;0;255;67mD[38;2;0;255;117mA[38;2;0;140;216mT[38;2;0;0;255mAT[38;2;0;134;214mH[38;2;0;255;155mO[38;2;0;60;244mR[38;2;0;249;167mD[38;2;0;255;86mA[38;2;0;255;117mT[38;2;0;130;212mA[38;2;0;0;255mTHO[38;2;255;255;255mR[38;2;216;255;255mD[38;2;0;0;255mATA[38;2;0;4;255mT[38;2;255;255;255mH[38;2;0;0;255mORD[38;2;255;255;255mA[38;2;117;221;255mT[38;2;0;0;255mA[38;2;255;255;255mT[38;2;0;80;255mH[38;2;0;0;255mORD[38;2;255;255;255mA[38;2;0;0;255mT[38;2;255;255;255mAT[38;2;0;0;255mHORD[38;2;255;255;255mA[38;2;175;255;255mT[38;2;0;0;255mAT[38;2;156;243;255mH[38;2;255;255;255mO[38;2;0;0;255mR[38;2;229;255;255mD[38;2;255;255;255mA[38;2;0;0;255mTAT[38;2;255;255;255mH[38;2;0;0;255mOR[38;2;255;255;255mDA[38;2;0;0;255mTA[38;2;91;198;255mT[38;2;255;255;255mH[38;2;0;0;255mORD[38;2;255;255;255mA[38;2;0;73;255mT[38;2;0;0;255mA[0m
[38;2;0;0;255mT[38;2;0;255;146mH[38;2;0;255;74mO[38;2;0;255;126mR[38;2;0;111;227mD[38;2;0;0;255mATAT[38;2;0;116;220mH[38;2;0;255;123mO[38;2;0;255;88mR[38;2;0;255;115mD[38;2;0;117;216mA[38;2;0;0;255mTATHO[38;2;255;255;255mR[38;2;200;255;255mD[38;2;0;0;255mATAT[38;2;255;255;255mH[38;2;0;0;255mORD[38;2;255;255;255mA[38;2;121;220;255mT[38;2;0;0;255mA[38;2;23;128;255mT[38;2;255;255;255mHORD[38;2;53;162;255mA[38;2;0;0;255mT[38;2;255;255;255mAT[38;2;0;0;255mHORD[38;2;0;48;255mA[38;2;255;255;255mTATHO[38;2;0;0;255mR[38;2;0;55;255mD[38;2;255;255;255mATATH[38;2;0;0;255mOR[38;2;0;117;255mD[38;2;255;255;255mAT[38;2;0;34;255mA[38;2;0;0;255mT[38;2;255;255;255mHORDA[38;2;0;31;255mT[38;2;0;0;255mA[0m
[38;2;0;0;255mTH[38;2;0;70;246mO[38;2;0;0;255mRDATATHORDATATHORDATATHORDATATH[38;2;0;47;255mOR[38;2;0;0;255mDAT[38;2;0;4;255mA[38;2;0;0;255mTHORDAT[38;2;0;6;255mA[38;2;0;0;255mTHORDA[38;2;0;6;255mT[38;2;0;1;255mAT[38;2;0;0;255mHORDA[38;2;0;43;255mT[38;2;0;0;255mATH[38;2;0;6;255mO[38;2;0;3;255mRD[38;2;0;0;255mATA[0m
[38;2;73;136;255mThordata 拥有行业领先的2M+原生静态住宅IP，永久保留客户IP，稳定且高度匿名[0m
[38;2;73;96;255m助力高效抓取，访问官网: [4mhttps://www.thordata.com/?ls=VNSCxroa&lk=quality[0m
[0m