[38;2;255;37;0mR[38;2;255;38;0mA[38;2;255;51;0mP[38;2;255;47;0mI[38;2;255;46;0mD[38;2;255;80;0mP[38;2;255;82;0mR[38;2;255;83;0mO[38;2;255;88;0mX[38;2;255;74;0mY[38;2;255;28;0mR[38;2;255;36;0mA[38;2;255;49;0mP[38;2;0;0;255mIDPROXYRAPIDPROXYRAPIDPROXYRAPIDPROXYRAPIDPROXYRAPIDPROXYRA[0m
[38;2;255;33;0mP[38;2;255;50;0mI[38;2;0;255;56mD[38;2;0;255;30mP[38;2;255;148;0mR[38;2;255;255;255mOXYRAP[38;2;255;166;0mI[38;2;255;17;0mD[38;2;0;0;255mP[38;2;255;255;255mROXYR[38;2;0;0;255mAPIDPROXYRAPIDP[38;2;255;255;255mRO[38;2;0;0;255mXYRAP[38;2;255;255;255mID[38;2;0;0;255mPROXYRAPIDPROXYRAPIDPROXYRAPI[0m
[38;2;255;37;0mD[38;2;255;38;0mP[38;2;0;231;0mR[38;2;0;179;0mO[38;2;255;255;148mX[38;2;255;255;255mYRAPIDP[38;2;255;39;0mR[38;2;0;0;255mO[38;2;255;255;255mXY[38;2;0;0;255mRA[38;2;255;255;255mPI[38;2;0;0;255mDPROXYRAPIDPROXYRAPID[38;2;255;255;255mPR[38;2;0;0;255mOXYRAPIDPROXYRAPI[38;2;0;16;255mD[38;2;0;2;255mP[38;2;0;0;255mROX[38;2;0;24;255mY[38;2;0;28;255mR[38;2;0;0;255mAPID[38;2;0;39;255mP[0m
[38;2;255;17;0mR[38;2;255;142;0mO[38;2;255;255;206mX[38;2;255;255;255mY[38;2;255;234;74mR[38;2;255;76;0mA[38;2;255;62;0mP[38;2;255;28;0mI[38;2;255;238;46mD[38;2;255;255;255mPRO[38;2;255;47;0mX[38;2;0;0;255mY[38;2;255;255;255mRA[38;2;0;0;255mPI[38;2;255;255;255mDP[38;2;0;59;255mR[38;2;255;255;255mOX[38;2;208;255;255mY[38;2;255;255;255mRA[38;2;0;0;255mP[38;2;255;255;255mID[38;2;225;255;255mP[38;2;255;255;255mRO[38;2;0;36;255mX[38;2;0;0;255mY[38;2;255;255;255mRA[38;2;0;0;255mP[38;2;0;88;255mI[38;2;255;255;255mDP[38;2;245;255;255mR[38;2;255;255;255mOX[38;2;0;0;255mY[38;2;255;255;255mRA[38;2;242;255;255mP[38;2;255;255;255mID[38;2;0;91;255mP[38;2;0;0;255mR[38;2;255;255;255mOXYRAPID[38;2;49;155;255mP[38;2;0;79;255mR[38;2;255;255;255mO[38;2;238;255;255mX[38;2;0;0;255mY[38;2;255;255;255mRAPI[38;2;0;0;255mDP[38;2;255;255;255mRO[0m
[38;2;255;0;0mX[38;2;255;255;254mY[38;2;255;255;255mRA[38;2;255;17;0mP[38;2;255;56;0mI[38;2;255;255;255mDPROX[38;2;255;253;22mY[38;2;255;7;0mR[38;2;0;0;255mA[38;2;255;255;255mPIDPR[38;2;0;0;255mO[38;2;255;255;255mXY[38;2;0;0;255mRA[38;2;255;255;255mPI[38;2;0;0;255mD[38;2;255;255;255mP[38;2;204;255;255mR[38;2;0;0;255mOX[38;2;255;255;255mYR[38;2;0;0;255mA[38;2;255;255;255mPI[38;2;0;0;255mD[38;2;255;255;255mPR[38;2;0;0;255mOX[38;2;255;255;255mYR[38;2;0;0;255mA[38;2;255;255;255mPI[38;2;0;0;255mDP[38;2;255;255;255mRO[38;2;0;0;255mX[38;2;255;255;255mYR[38;2;0;0;255mA[38;2;255;255;255mPI[38;2;0;0;255mDP[38;2;255;255;255mRO[38;2;0;0;255mX[38;2;0;43;255mY[38;2;255;255;255mRAP[38;2;0;0;255mID[38;2;255;255;255mP[38;2;224;255;255mR[38;2;0;0;255mO[38;2;255;255;255mX[38;2;34;149;255mY[0m
[38;2;255;11;0mR[38;2;255;255;255mAPI[38;2;255;1;0mD[38;2;255;92;0mP[38;2;255;255;255mROXY[38;2;255;197;0mR[38;2;255;31;0mA[38;2;255;43;0mP[38;2;0;0;255mI[38;2;255;255;255mDP[38;2;0;0;255mR[38;2;255;255;255mOX[38;2;0;0;255mY[38;2;255;255;255mRA[38;2;0;0;255mPI[38;2;255;255;255mDP[38;2;0;0;255mR[38;2;255;255;255mO[38;2;190;255;255mX[38;2;0;0;255mYR[38;2;255;255;255mAP[38;2;0;0;255mI[38;2;255;255;255mDP[38;2;0;0;255mR[38;2;255;255;255mOX[38;2;0;0;255mYR[38;2;255;255;255mAP[38;2;0;0;255mI[38;2;255;255;255mDP[38;2;0;0;255mRO[38;2;255;255;255mXY[38;2;0;0;255mR[38;2;255;255;255mAP[38;2;0;0;255mI[38;2;255;255;255mDP[38;2;0;0;255mRO[38;2;255;255;255mXY[38;2;0;0;255mR[38;2;0;10;255mA[38;2;255;255;255mPID[38;2;0;0;255mPR[38;2;129;226;255mO[38;2;255;255;255mXYR[38;2;0;0;255mA[0m
[38;2;255;74;0mP[38;2;255;255;255mID[38;2;255;255;163mP[38;2;255;1;0mR[38;2;255;60;0mO[38;2;255;27;0mX[38;2;255;255;255mYRA[38;2;255;27;0mP[38;2;255;63;0mI[38;2;255;40;0mD[38;2;0;0;255mP[38;2;255;255;255mRO[38;2;0;0;255mXY[38;2;255;255;255mRA[38;2;0;83;255mP[38;2;255;255;255mIDP[38;2;127;235;255mR[38;2;255;255;255mO[38;2;0;0;255mX[38;2;255;255;255mYR[38;2;252;255;255mA[38;2;255;255;255mPI[38;2;0;19;255mD[38;2;0;0;255mP[38;2;255;255;255mRO[38;2;0;0;255mX[38;2;0;85;255mY[38;2;255;255;255mRAPID[38;2;0;0;255mP[38;2;255;255;255mROXYR[38;2;0;74;255mA[38;2;0;0;255mP[38;2;255;255;255mID[38;2;0;0;255mP[38;2;0;78;255mR[38;2;255;255;255mOXYR[38;2;0;86;255mA[38;2;0;38;255mP[38;2;255;255;255mID[38;2;0;0;255mP[38;2;255;255;255mRO[38;2;0;0;255mXY[38;2;205;255;255mR[38;2;255;255;255mA[38;2;237;255;255mP[38;2;0;0;255mI[0m
[38;2;255;158;0mD[38;2;255;255;255mPR[38;2;255;166;0mO[38;2;255;15;0mX[38;2;255;51;0mY[38;2;255;21;0mR[38;2;255;103;0mA[38;2;255;255;255mPI[38;2;255;255;99mD[38;2;255;29;0mP[38;2;255;50;0mR[38;2;0;0;255mOXYRAPIDP[38;2;0;57;255mR[38;2;0;25;255mO[38;2;0;0;255mXYR[38;2;255;255;255mAP[38;2;0;0;255mIDPROXYRAPIDPRO[38;2;255;255;255mXY[38;2;0;0;255mRAPIDPROXYRAPIDPROX[38;2;0;13;255mY[38;2;0;0;255mRA[38;2;161;246;255mP[38;2;255;255;255mI[38;2;0;0;255mDP[0m
[38;2;255;54;0mR[38;2;255;77;0mO[38;2;255;78;0mX[38;2;255;46;0mY[38;2;255;43;0mR[38;2;255;45;0mA[38;2;255;51;0mP[38;2;255;39;0mI[38;2;255;73;0mD[38;2;255;91;0mP[38;2;255;93;0mR[38;2;255;58;0mO[38;2;255;48;0mX[38;2;0;0;255mYRAPIDPROXYRAP[38;2;255;255;255mI[38;2;194;255;255mD[38;2;0;0;255mPROXYRAPIDPROXY[38;2;255;255;255mR[38;2;207;255;255mA[38;2;0;0;255mPIDPROXYRAPIDPROXYRA[38;2;0;53;255mP[38;2;255;255;255mID[38;2;0;72;255mP[38;2;0;0;255mRO[0m
[38;2;96;64;255m访问RapidProxy 7000万+高质量IP|免费测试|流量时效永久|支持HTTP(S)和SOCKS5[0m
[38;2;73;96;255m轻松采集 无惧CAPTCHA与IP封禁 [4mhttps://www.rapidproxy.io/?ref=gitipquality[0m
[0m